,Topik 1,Topik 2,Topik 3,Total Proporsi Kata
abad,0.5785827218767637,0.32240757941217874,0.09900969871105744,0.9999999999999999
abadi,0.12313842620164688,0.7527656829236113,0.12409589087474181,1.0
abil,0.7932816516870378,0.07347670915002948,0.1332416391629327,1.0
abjad,0.05656060453045473,0.03143312615823898,0.9120062693113064,1.0
absensi,0.04676182524255205,0.6524129373966333,0.30082523736081457,0.9999999999999999
absolut,0.05217812518411732,0.8954092488872714,0.052412625928611324,1.0
abstract,0.10147945703997872,0.40411508519895795,0.4944054577610635,1.0
abstractpada,0.7932721074328302,0.07348538081217396,0.133242511754996,1.0
abstrak,0.4578379062898808,0.4639724731092585,0.07818962060086072,1.0
abstraksemakin,0.1871877525651109,0.6241690136986309,0.18864323373625824,1.0
abstraksi,0.023074613236271618,0.14110261077097955,0.8358227759927488,1.0
acak,0.40553953386459296,0.14473729267164936,0.4497231734637576,1.0
acap,0.13361677535197528,0.07310214048658648,0.7932810841614383,1.0
acceler,0.1315374881006696,0.07310095950855947,0.7953615523907709,1.0
acceleromet,0.04815664897866008,0.024462327078255817,0.9273810239430841,1.0
accept,0.7727739772183273,0.19200827748002947,0.035217745301643254,1.0
access,0.3212271607155384,0.6248186773770866,0.05395416190737503,1.0000000000000002
account,0.05658016083042152,0.03186906733986097,0.9115507718297176,1.0
accuraci,0.4559315293101254,0.12501966197334433,0.4190488087165301,0.9999999999999998
accuracynya,0.8739271589560836,0.04576370170550494,0.08030913933841134,0.9999999999999999
achmad,0.0791845739684202,0.045228035903352504,0.8755873901282273,1.0
aclam,0.18718775208732977,0.6241690146567747,0.18864323325589544,0.9999999999999998
acnekomedo,0.19862441252706203,0.61377774882663,0.18759783864630789,0.9999999999999999
acommerc,0.0933377675722491,0.811582992198687,0.09507924022906396,1.0
action,0.1029568810948413,0.31731925232419533,0.5797238665809634,1.0
actionplatform,0.13005562887740915,0.7456752884680556,0.12426908265453533,1.0000000000000002
actionscript,0.79328165147073,0.07347670920173889,0.1332416393275311,1.0
activ,0.060829119085366985,0.09022713456873205,0.848943746345901,1.0
actor,0.7891459827574888,0.07723434376674346,0.13361967347576773,1.0
acuan,0.2566771263166833,0.3839175070442645,0.35940536663905215,1.0
acuannya,0.7932816516506278,0.07347670915841789,0.1332416391909545,1.0000000000000002
acut,0.9700220736283341,0.010586127329611601,0.01939179904205424,1.0
ad,0.19073714474403428,0.6152600168034322,0.19400283845253358,1.0
adaboost,0.030490869331599425,0.01694805539304353,0.9525610752753569,0.9999999999999999
adadari,0.18718775226878162,0.6241690142935648,0.18864323343765352,0.9999999999999999
adalahdata,0.18718775253724437,0.6241690137508986,0.188643233711857,1.0
adalahnaã,0.18718775196930834,0.6241690149030839,0.18864323312760783,1.0
adamenunjukkan,0.13210432470880112,0.07871394232282675,0.7891817329683721,1.0
adanhya,0.1332037681361257,0.08960096256044148,0.7771952693034327,0.9999999999999999
adapengadilan,0.13174843135725514,0.07518975913439438,0.7930618095083505,1.0
adapt,0.4424765683563907,0.013306236702550557,0.5442171949410588,1.0
adaptif,0.8586938259882192,0.12707263724316276,0.014233536768617952,0.9999999999999999
adaptivita,0.1956463092774317,0.614095946070047,0.19025774465252124,0.9999999999999999
adat,0.7932816519190026,0.07347670909389858,0.13324163898709881,1.0
adatif,0.1923250681976662,0.6195012849242449,0.1881736468780889,1.0
addi,0.9432758208026466,0.020162245160420592,0.03656193403693279,1.0
addit,0.009808070098477823,0.9803478757790727,0.009844054122449486,1.0
adiwiyata,0.132026612181358,0.07794437705516372,0.7900290107634783,1.0
adjac,0.1871877527076068,0.6241690134021736,0.18864323389021972,1.0
adjectiv,0.7932816518455953,0.07347670911130755,0.13324163904309716,1.0
adjust,0.7871564616863901,0.0766193873031557,0.13622415101045424,1.0
adm,0.03049234369105951,0.01700831998440581,0.9524993363245348,1.0
admin,0.012781851077873899,0.9754467856317928,0.011771363290333393,1.0
administasi,0.18718775312539632,0.6241690125671662,0.18864323430743746,0.9999999999999999
administr,0.4099009980619263,0.5742671824960088,0.0158318194420649,1.0
administra,0.1871877523371603,0.6241690141564065,0.18864323350643325,1.0
administrasi,0.006106704063586615,0.9470946560121686,0.04679863992424477,1.0
administrasinya,0.7929424661378709,0.07378489051620836,0.13327264334592082,1.0
administratif,0.18718775251225517,0.6241690138023525,0.18864323368539235,1.0
administratiffasilita,0.1871877523860656,0.6241690140582491,0.18864323355568527,0.9999999999999999
adminnistrasi,0.1871877523371603,0.6241690141564065,0.18864323350643325,1.0
adminstrasi,0.18718775265034712,0.6241690135288699,0.18864323382078305,1.0
adob,0.7932816518197435,0.07347670911770113,0.1332416390625554,1.0
adopsi,0.13153748876662166,0.07310095972219767,0.7953615515111806,1.0
adriani,0.12903497873078468,0.7472130205966658,0.12375200067254953,1.0
adt,0.1318461575066897,0.07310113490636569,0.7950527075869446,1.0
advanc,0.07310814861500338,0.8532152492672651,0.07367660211773146,0.9999999999999999
adventur,0.8665161110887435,0.052742530160036265,0.08074135875122028,1.0
adverb,0.7932816518455953,0.07347670911130755,0.13324163904309716,1.0
advertis,0.07931241834716136,0.04396260524441313,0.8767249764084255,1.0
ae,0.027848858072287062,0.9440824272444691,0.028068714683243897,1.0
aed,0.9109792277189099,0.03164186173829588,0.057378910542794245,1.0
aegypti,0.8755509452012721,0.04423461720107517,0.08021443759765277,1.0
aesturbo,0.1871780027363856,0.6240724656771173,0.18874953158649715,1.0
afrizar,0.18718775259534146,0.6241690136348192,0.18864323376983924,1.0
ag,0.7930420787325577,0.07369438337005299,0.13326353789738934,1.0
agama,0.03920066061201747,0.9276401522254458,0.03315918716253675,1.0
agen,0.8869930272812739,0.09696475391975017,0.016042218798975848,0.9999999999999999
agenda,0.18718775259882145,0.624169013637118,0.1886432337640606,1.0
agent,0.9427170225840177,0.020420476199079197,0.03686250121690315,1.0
agentbas,0.046587244798154265,0.9073273910890123,0.04608536411283339,0.9999999999999999
agentâ,0.12632571625673625,0.7494704311539746,0.12420385258928912,1.0
agfarizi,0.1318625606758346,0.07631991572962471,0.7918175235945407,1.0
aggreg,0.18718775384833491,0.6241690111086604,0.18864323504300454,0.9999999999999998
agil,0.06142376856882276,0.8772219571666339,0.06135427426454332,1.0
agoritma,0.20835298995956822,0.5917859477483558,0.19986106229207595,1.0
agrari,0.7913261980224977,0.07347559910334597,0.1351982028741564,1.0
agresif,0.8755509451785564,0.04423461720649921,0.08021443761494441,1.0
agribisni,0.18718775198529447,0.6241690148666399,0.1886432331480657,1.0
agung,0.18718775246068384,0.6241690139101982,0.18864323362911797,1.0
agustu,0.13174711114559928,0.07517669638974615,0.7930761924646547,1.0
ahe,0.07910595735597967,0.04396253467355022,0.8769315079704701,1.0
ahkir,0.13173585140956723,0.07506520015253831,0.7931989484378944,1.0
ahli,0.6563362801981982,0.09106159809417644,0.2526021217076254,1.0
ahp,0.006598173743269239,0.5886910951915937,0.4047107310651371,1.0
ahpanalyt,0.18718775362555082,0.6241690115596358,0.1886432348148134,1.0
ahpmoora,0.13217589920577255,0.07942269901947203,0.7884014017747555,1.0
ai,0.044636696741902175,0.26197298849903894,0.6933903147590589,1.0
aid,0.07310814860700014,0.853215249281933,0.07367660211106679,0.9999999999999999
air,0.4972808160396101,0.4673578895783962,0.035361294381993764,1.0000000000000002
aisk,0.14457916990112524,0.07310836569024518,0.7823124644086297,1.0
ajar,0.9519219310029514,0.01707131271265241,0.031006756284396034,0.9999999999999999
ajaran,0.0524724472553116,0.8947743763482884,0.05275317639640013,1.0000000000000002
ajer,0.793281651919019,0.07347670909379768,0.1332416389871834,1.0
ajher,0.14882688712537492,0.07311077801174465,0.7780623348628803,0.9999999999999999
ajukan,0.18718775245761068,0.6241690139091381,0.18864323363325125,1.0
aka,0.13159890999607518,0.07370913005430027,0.7946919599496246,1.0
akademi,0.12007477638237579,0.7034492285036849,0.17647599511393938,1.0
akademik,0.07412614593305489,0.9220850667911322,0.0037887872758128292,0.9999999999999999
akademika,0.13364938035953164,0.08788836618009753,0.7784622534603709,1.0
akademiknya,0.09174603311980493,0.8157945611078352,0.09245940577235992,1.0
akademisi,0.7932816513510355,0.07347670923032547,0.13324163941863892,0.9999999999999998
akar,0.07831275771854058,0.21626483293210616,0.7054224093493533,1.0
akbiat,0.7932816515555028,0.07347670918120837,0.13324163926328877,1.0
akhirakhir,0.3401103344133124,0.03150239849764135,0.6283872670890464,1.0
akhiran,0.865287303217508,0.053899672531653085,0.08081302425083893,1.0
akhirannya,0.19373778074957246,0.6182177059912274,0.18804451325920016,1.0
aki,0.19782122120741735,0.6145075234149541,0.1876712553776285,1.0
akibat,0.30154748239302326,0.13160219389767733,0.5668503237092993,0.9999999999999999
akibatnya,0.5189955852181188,0.43239373196911624,0.04861068281276485,0.9999999999999999
akomodasi,0.12723655523447056,0.7489065598166054,0.12385688494892416,1.0
akreditasi,0.018119455743264887,0.9636766457833232,0.01820389847341182,1.0
akrobatik,0.18718775391136497,0.6241690109829092,0.18864323510572586,1.0
aks,0.4388979620741127,0.46582167541808484,0.09528036250780243,1.0
aksara,0.02600750118764889,0.9469872112708144,0.027005287541536697,1.0
akseleromet,0.07910595725380605,0.04396253464123553,0.8769315081049585,1.0
aksesibilita,0.09814314510170202,0.35040952195812997,0.551447332940168,1.0
aksesnya,0.1871877526514052,0.6241690135216846,0.1886432338269102,1.0
aksesori,0.0465203827006494,0.6721871355845201,0.2812924817148305,1.0
aksi,0.8771379303514346,0.09434730631214933,0.028514763336416,1.0
aktif,0.7927435874662996,0.18727673210807047,0.019979680425629927,1.0
aktifita,0.29958539217053337,0.30255491690297837,0.3978596909264882,1.0
aktifitasnya,0.13364946640494116,0.08788920508157974,0.778461328513479,1.0
aktivasi,0.7932816519173354,0.07347670909452825,0.1332416389881364,1.0
aktivasigaussian,0.7932816519173354,0.07347670909452825,0.1332416389881364,1.0
aktivita,0.31376561796863184,0.37738142957444054,0.3088529524569277,1.0
aktor,0.9702223424188264,0.010599183308216421,0.019178474272957113,1.0
aktual,0.06905888251178806,0.7336810738108946,0.19726004367731728,1.0
aktualisasi,0.793281652085545,0.07347670905378448,0.13324163886067067,1.0000000000000002
akulturasi,0.793281651328461,0.0734767092358607,0.13324163943567843,1.0
akun,0.8755509452050269,0.044234617200192505,0.08021443759478053,0.9999999999999999
akunt,0.18718775271044769,0.6241690134054336,0.18864323388411872,1.0
akuntansi,0.09184753942587927,0.8156974013058117,0.092455059268309,1.0
akurasi,0.2861900547099248,0.23704922101260906,0.4767607242774663,1.0000000000000002
akurasinya,0.11789830595729192,0.4040966794828602,0.4780050145598479,1.0
akurasipengujian,0.1315374885572241,0.07310095965447806,0.7953615517882978,1.0
akurasiq,0.18718775185364553,0.624169015130185,0.18864323301616964,1.0000000000000002
akurat,0.3551317961605498,0.5488527071062923,0.09601549673315797,1.0
akuratan,0.18718775277279046,0.6241690132768516,0.18864323395035792,1.0
akusisi,0.1316293270513853,0.07401036789147726,0.7943603050571374,1.0
akut,0.8755509453701448,0.04423461716085403,0.0802144374690012,1.0
al,0.6235459689676716,0.34653050762753657,0.029923523404791857,1.0
alam,0.34781764967854006,0.3481251192331247,0.30405723108833516,1.0
alamat,0.0738469831374333,0.8525014094623945,0.07365160740017213,1.0
alami,0.4995701493146096,0.09740970119874999,0.4030201494866405,1.0
alaminya,0.13153748882259356,0.07310095973997184,0.7953615514374347,1.0
alarm,0.09345612446528627,0.8141576973362435,0.0923861781984702,1.0
alasan,0.5725464239120414,0.020175402259929993,0.40727817382802867,1.0
alasannnya,0.1315374889427883,0.07310095977783221,0.7953615512793794,0.9999999999999999
alat,0.05480491606049139,0.26797088088717314,0.6772242030523354,1.0
alatalat,0.12313842681258325,0.7527656816974465,0.12409589148997033,1.0
alatnya,0.13361677535197528,0.07310214048658648,0.7932810841614383,1.0
albab,0.7932816513777636,0.07347670922403073,0.13324163939820574,1.0
albopictu,0.7932816517060015,0.07347670914523649,0.1332416391487619,0.9999999999999999
alcohol,0.8755509452108505,0.044234617198366015,0.0802144375907835,1.0
aldousbrod,0.7932816513999079,0.07347670921862588,0.13324163938146621,1.0
alena,0.4581782799946667,0.031531242162039945,0.5102904778432933,1.0
alergi,0.1986244125270634,0.6137777488266288,0.18759783864630777,1.0
alert,0.7573769841742003,0.21516028568178644,0.027462730144013313,1.0
alfa,0.7924502682753535,0.0742320970682718,0.13331763465637464,1.0
alfabet,0.951796387235515,0.01706638686286115,0.031137225901623874,0.9999999999999999
alfabeti,0.13153748873539012,0.07310095971115159,0.7953615515534582,1.0
alfagram,0.04401596756375172,0.024461539485499867,0.9315224929507484,1.0
algorithm,0.9509851003133923,0.01728905741300252,0.03172584227360527,1.0000000000000002
algoritm,0.9305709959723013,0.024760502774662612,0.044668501253036036,0.9999999999999999
algoritma,0.6060411529558909,0.22655397228526872,0.16740487475884047,1.0
algoritmanya,0.12313842634685215,0.7527656826309709,0.12409589102217695,1.0
algortihm,0.793281651649378,0.07347670915793106,0.133241639192691,1.0
algortima,0.8755509446986335,0.04423461732086292,0.0802144379805037,1.0
alir,0.13153748847308472,0.07310095962844376,0.7953615518984715,1.0
aliran,0.5834352550789995,0.010703761514289424,0.4058609834067111,1.0
aliyah,0.0741634497036009,0.8521956488609221,0.07364090143547697,1.0
alkohol,0.9303852550323595,0.024939960080079943,0.04467478488756063,1.0
all,0.9259496095589587,0.06366390289374117,0.010386487547300066,0.9999999999999999
allidb,0.9301710907186543,0.024630029507905948,0.045198879773439816,1.0
allimin,0.148057882633122,0.08016658245645789,0.7717755349104202,1.0
allnegatif,0.9086937957610329,0.03164130369231083,0.05966490054665628,1.0
allpositif,0.908697692502541,0.03164130464428071,0.059661002853178255,0.9999999999999999
allupurinol,0.18718775352385358,0.6241690117664721,0.1886432347096743,1.0
allwhit,0.7929299314285011,0.07347650939148329,0.13359355918001548,0.9999999999999999
almadani,0.07910798568822139,0.04399518554148679,0.8768968287702918,1.0
alokasi,0.18718775210569422,0.6241690146143082,0.18864323327999763,1.0
alpha,0.04576853648338117,0.9084330794208116,0.04579838409580722,1.0
alphabet,0.875550945238479,0.04423461719192991,0.08021443756959099,0.9999999999999999
alphanumer,0.18718775446496325,0.6241690098756698,0.18864323565936691,1.0
alphanumerik,0.958265275770755,0.014794725266691582,0.026939998962553453,1.0
alqadarmodel,0.7932816515946941,0.0734767091717885,0.13324163923351742,1.0
alquran,0.9429725380607488,0.020457048103587543,0.03657041383566377,1.0
alqurâ,0.97271620578334,0.009772265302435912,0.017511528914224177,1.0
altern,0.05147458007681122,0.9017621792251764,0.04676324069801231,1.0
alternat,0.13246138588859518,0.08224964989768853,0.7852889642137164,1.0
alternatif,0.12359211650981615,0.7444645655599419,0.13194331793024192,1.0
alternatifalternatif,0.1322497708555523,0.08015418981485468,0.787596039329593,1.0
alternatifpada,0.18718775205346858,0.624169014724772,0.18864323322175935,1.0
alumni,0.025909022352139228,0.9480041732713688,0.026086804376492037,1.0
alumninya,0.13202742397150222,0.07795241567590651,0.7900201603525911,0.9999999999999999
alur,0.1229154199393655,0.7491758730104794,0.12790870705015506,1.0
aman,0.03384702251689649,0.7632215573255252,0.20293142015757842,1.0000000000000002
amanatkan,0.18718775357593156,0.6241690116626393,0.18864323476142908,0.9999999999999999
ambami,0.18718775208732977,0.6241690146567747,0.18864323325589544,0.9999999999999998
ambang,0.0360448595967738,0.02002105245366609,0.9439340879495601,1.0
ambigu,0.12309726146142903,0.7521030396604461,0.12479969887812492,1.0
ambil,0.763080617526022,0.07345956201517022,0.1634598204588077,0.9999999999999999
ambroxol,0.18718775245881744,0.6241690139104202,0.18864323363076227,1.0
ambunten,0.09174603295851677,0.8157945614326685,0.09245940560881465,0.9999999999999999
amen,0.18718775320643735,0.6241690124032572,0.18864323439030556,1.0
amerika,0.7932816516506278,0.07347670915841789,0.1332416391909545,1.0000000000000002
amil,0.05660543455444533,0.03243247185975708,0.9109620935857975,0.9999999999999999
aml,0.8749409944603027,0.044234408862702836,0.08082459667699436,0.9999999999999999
amplitudu,0.12188600006779675,0.7326049760745071,0.14550902385769618,1.0
an,0.9395347564940919,0.047858595148908986,0.012606648356999083,1.0
anak,0.978327662372917,0.015990802581756797,0.005681535045326091,0.9999999999999999
anakan,0.7932816516331991,0.07347670916284259,0.13324163920395823,0.9999999999999999
anakanak,0.9780265698809417,0.01614243232635747,0.005830997792700789,1.0
anakdalam,0.18718775330523438,0.6241690122211531,0.18864323447361248,1.0
anaknya,0.13361677535197528,0.07310214048658648,0.7932810841614383,1.0
anakus,0.7932816511307589,0.07347670928325456,0.13324163958598648,0.9999999999999999
anali,0.1231150031935571,0.7523886315868679,0.12449636521957501,0.9999999999999999
analisa,0.243783974847162,0.44315364104036103,0.313062384112477,1.0
analisi,0.15455937300441205,0.5627222600054399,0.2827183669901481,1.0
analit,0.059809021919344584,0.4712907282344804,0.4689002498461751,1.0000000000000002
analitik,0.9107473513070876,0.03186380899611558,0.057388839696796874,1.0000000000000002
analityc,0.03694736070270718,0.02139227020870321,0.9416603690885896,1.0
analsisi,0.7910656177656973,0.07549017974750419,0.1334442024867985,1.0
analysi,0.05857410906797657,0.1936195690027521,0.7478063219292713,1.0
analysissna,0.7932816518761558,0.0734767091043716,0.13324163901947267,1.0
analyt,0.007116280416841413,0.7667751644460734,0.22610855513708528,1.0
analyz,0.1871877521452414,0.624169014543577,0.18864323331118169,1.0
anatomi,0.9583735736368572,0.014794737628887236,0.026831688734255708,1.0000000000000002
anayit,0.13191283082191885,0.07681770735865517,0.791269461819426,1.0
ancaman,0.12277405238087728,0.7469002223954964,0.13032572522362632,0.9999999999999999
anchor,0.7902472231582917,0.07347498650992734,0.13627779033178097,1.0
ancillari,0.18718775320643735,0.6241690124032572,0.18864323439030556,1.0
and,0.1658484707132267,0.31546785578909753,0.5186836734976757,1.0
andharini,0.793281652085545,0.07347670905378448,0.13324163886067067,1.0000000000000002
android,0.7607665279938532,0.06732799149760849,0.17190548050853827,1.0
andromax,0.793281651443729,0.07347670920808322,0.1332416393481879,1.0
anggap,0.086948901932592,0.7088558208889617,0.2041952771784463,1.0
anggaran,0.022631998461598208,0.9545907351770747,0.022777266361327077,1.0
anggota,0.12189602106933731,0.8615401175216464,0.01656386140901631,1.0
anggotanya,0.8735863869007973,0.04608459904652573,0.08032901405267708,1.0
angin,0.875550945238479,0.04423461719192991,0.08021443756959099,0.9999999999999999
angina,0.18718775185364553,0.624169015130185,0.18864323301616964,1.0000000000000002
angka,0.6860868096997467,0.08504360872448508,0.2288695815757682,1.0
angkaangka,0.7169755423972737,0.21733808803990196,0.06568636956282456,1.0000000000000002
angkatan,0.6954555319862107,0.05229237799612331,0.2522520900176659,0.9999999999999999
angket,0.2400687218786558,0.6990863983734673,0.06084487974787692,1.0
angsuran,0.18718775304541246,0.6241690127260536,0.18864323422853396,1.0
angular,0.07674927764382693,0.024467763281508965,0.8987829590746641,1.0
animasi,0.7005798085066325,0.007150241356952741,0.2922699501364147,1.0
annidhomiyah,0.1871877530856722,0.624169012649086,0.1886432342652418,1.0
annular,0.13153748858309486,0.07310095966327955,0.7953615517536256,1.0
anonym,0.18718775259882145,0.624169013637118,0.1886432337640606,1.0
anotasi,0.11868586074954934,0.6810913922421908,0.20022274700825984,1.0
anp,0.0519400222461383,0.8937259757294193,0.05433400202444252,1.0
anpelectr,0.13544757581453512,0.11181991223239415,0.7527325119530707,1.0
answer,0.9109792277477498,0.03164186173145576,0.057378910520794545,1.0
ant,0.7891165364390552,0.07726109656994105,0.13362236699100383,1.0
antarfitur,0.7911819013943968,0.07538452502352852,0.1334335735820747,1.0
antarmuka,0.09632883034197996,0.3212039800935978,0.5824671895644222,1.0
anteced,0.1871877521455276,0.6241690145417707,0.18864323331270164,0.9999999999999999
anternatif,0.13169774500589213,0.07468785771246361,0.7936143972816444,1.0000000000000002
antisipasi,0.7883937675310793,0.07791780073101838,0.13368843173790235,1.0
antomi,0.7932816520074104,0.07347670907238986,0.13324163892019966,1.0
antri,0.1322918820832745,0.07310138810141247,0.7946067298153131,1.0
antrian,0.1698312136661154,0.34693650060592,0.4832322857279647,1.0
anual,0.18718775256629278,0.6241690136946779,0.18864323373902936,1.0
ap,0.04542460286235698,0.9087975945966159,0.045777802541027146,1.0
apach,0.07308873733594935,0.8526622710238341,0.07424899164021662,1.0
apapun,0.37732270588275124,0.5590415129654971,0.06363578115175147,0.9999999999999999
aparat,0.12313842653680555,0.7527656822492692,0.12409589121392506,0.9999999999999998
aparatur,0.7925685128806577,0.07412466177448764,0.13330682534485458,0.9999999999999999
api,0.6923025884869918,0.29321532751581325,0.014482083997194929,1.0
apk,0.9081671734393888,0.03404408363785154,0.05778874292275976,1.0
apl,0.07924201961688702,0.046152746412569896,0.874605233970543,1.0
aplic,0.7932816518027831,0.07347670912146174,0.13324163907575504,0.9999999999999999
aplikai,0.18718775158107542,0.6241690156812044,0.18864323273772016,1.0
aplikasi,0.4607652315298087,0.33725418004102636,0.20198058842916494,1.0
aplikasiaplikasi,0.3460986750017615,0.5723335857225547,0.0815677392756838,1.0
aplikasidalam,0.7882691282128912,0.07803104517760315,0.13369982660950572,1.0
aplikasinya,0.8755509452980362,0.044234617177762975,0.08021443752420075,1.0
aplikasisalah,0.13239101884780521,0.08155285642731132,0.7860561247248835,1.0
apm,0.9081671734393888,0.03404408363785154,0.05778874292275976,1.0
apotek,0.022711848657738995,0.8131356326241428,0.16415251871811812,0.9999999999999999
apotik,0.1368114216137143,0.07755283411763635,0.7856357442686495,1.0
app,0.18718775158107542,0.6241690156812044,0.18864323273772016,1.0
appear,0.13153748831442685,0.07310095957693406,0.7953615521086391,1.0
applic,0.434724878467358,0.0999049521719608,0.46537016936068115,1.0
applikasi,0.15381294610600704,0.07311360859190517,0.7730734453020878,1.0
apprentic,0.20596091016821,0.6071118627050066,0.18692722712678342,1.0
approxim,0.8751326977514412,0.0446284714240255,0.08023883082453337,1.0
apresiasi,0.8701062119868226,0.04936180557402953,0.0805319824391478,0.9999999999999999
apriliana,0.793281652085545,0.07347670905378448,0.13324163886067067,1.0000000000000002
apriori,0.045424603033630065,0.9087975942521053,0.0457778027142646,0.9999999999999999
ar,0.163716406052877,0.005965941404936482,0.8303176525421866,1.0
arab,0.9215389518816033,0.06025117004938294,0.018209878069013755,1.0
arah,0.3294808003288146,0.040777232537609356,0.629741967133576,1.0
arahan,0.1320041789439145,0.07772225249863174,0.7902735685574539,1.0000000000000002
arcad,0.13299019259977923,0.07310178453782934,0.7939080228623914,1.0
architectur,0.5504501293739782,0.008217259000258104,0.44133261162576365,1.0
architecturecentr,0.7879970114106664,0.07827828745224653,0.13372470113708712,1.0
architectureuntuk,0.13153748832286097,0.07310095957997488,0.7953615520971642,1.0
arduino,0.7225222294993391,0.10505401989653526,0.17242375060412568,1.0
area,0.14844576200335788,0.07792823349145547,0.7736260045051866,1.0
areabas,0.13153748876565322,0.07310095972233234,0.7953615515120144,1.0
areal,0.18718775256413778,0.6241690136591109,0.1886432337767513,1.0
ari,0.929167059398775,0.025428545180783323,0.04540439542044168,1.0
arial,0.7932816518170921,0.07347670911769104,0.13324163906521674,0.9999999999999998
arifin,0.13196195959182214,0.07730419189649577,0.7907338485116822,1.0
arima,0.07924625878601183,0.046220976246990404,0.8745327649669978,1.0
arini,0.18718775352385358,0.6241690117664721,0.1886432347096743,1.0
aritmatika,0.6400898146834553,0.0449964856641203,0.3149136996524245,1.0
arosbaya,0.951954736732225,0.017096535113398377,0.030948728154376694,1.0
around,0.7871564616863901,0.0766193873031557,0.13622415101045424,1.0
arous,0.13005602197632085,0.7456749095024776,0.1242690685212015,0.9999999999999999
arq,0.18718775229272736,0.624169014213887,0.18864323349338558,1.0
array,0.18718775236408866,0.6241690141035859,0.18864323353232537,1.0
arrhytmia,0.0618998513851487,0.8766943424341145,0.06140580618073664,0.9999999999999999
arsip,0.07333065780327445,0.8530002673526521,0.07366907484407341,0.9999999999999999
arsitek,0.1315374883055791,0.07310095957463657,0.7953615521197844,1.0
arsitektur,0.031255019368089866,0.09990605027904802,0.8688389303528622,1.0
art,0.4936165242533918,0.46434401309629303,0.04203946265031511,1.0
arti,0.3474126813564568,0.5185786929480635,0.13400862569547967,0.9999999999999999
artif,0.47607304273066275,0.04411783641732966,0.4798091208520075,1.0
artifak,0.01469099130913838,0.008164406790387666,0.9771446019004739,1.0
artifici,0.9110101265482464,0.06434026328146544,0.024649610170288147,1.0
artikel,0.502372427654002,0.4612018726696795,0.03642569967631851,1.0
aru,0.09173849942325751,0.8156266175923047,0.09263488298443776,1.0
as,0.8568917394974515,0.10989463749949933,0.033213623003049336,1.0000000000000002
asafa,0.18718775479643635,0.6241690091958408,0.18864323600772281,1.0
asc,0.060764129090277175,0.8779992694257978,0.061236601483925124,1.0
asdjnlmlkbgxdfxgvvnmmjkghjbnbnjbhbkjnhhghghjgfhghgvhgvhkbhjghjghjghasdjnlmlkbgxdfxgvvnmmjkghjbnbnjbhbkjnhhghghjgfhghgvhgvhkbhjghjghjghasdjnlmlkbgxdfxgvvnmmjkghjbnbnjbhbkjnhhghghjgfhghgvhgvhkbhjghjghjghasdjnlmlkbgxdfxgvvnmmjkghjbnbnjbhbkjnhhghghjgfhghgvhgvhkbhjghjghjghasdjnlmlkbgxdfxgvvnmmjkghjbnbnjbhbkjnhhghghjgfhghgvhgvhkbhjghjghjghasdjnlmlkbgxdfxgvvnmmjkghjbnbnjbhbkjnhhghghjgfhghgvhgvhkbhjghjghjghasdjnlmlkbgxdfxgvvnmmjkghjbnbnjbhbkjnhhghghjgfhghgvhgvhkbhjghjghjghasdjnlmlkbgxdfxgvvnmmjkghjbnbnjbhbkjnhhghghjgfhghgvhgvhkbhjghjghjghasdjnlmlkbgxdfxgvvnmmjkghjbnbnjbhbkjnhhghghjgfhghgvhgvhkbhjghjghjgh,0.7932813752607238,0.0734767755887791,0.1332418491504971,1.0
ase,0.6982222630887959,0.2642873971345399,0.0374903397766641,0.9999999999999999
asesori,0.09174603343314125,0.8157945604765822,0.09245940609027659,1.0
aset,0.01806377652037161,0.9637173269691137,0.018218896510514684,1.0
asi,0.02584862751879316,0.9481017585730467,0.026049613908160147,1.0
asia,0.8746381675551718,0.04509416004999438,0.08026767239483384,1.0
asimetri,0.0792783690965645,0.04483718410506324,0.8758844467983723,1.0
asimilasi,0.793281651328461,0.0734767092358607,0.13324163943567843,1.0
asisten,0.04933592065470625,0.9049674594011234,0.04569661994417036,1.0
asli,0.05201167665893409,0.39113334785264,0.556854975488426,1.0
aslinya,0.714097256304281,0.1540777205467632,0.1318250231489559,1.0
asma,0.8755509450037909,0.044234617248392984,0.08021443774781607,1.0
asmail,0.12313842597662085,0.7527656833781083,0.12409589064527088,1.0
asmart,0.08169312342456925,0.04614396198157958,0.8721629145938512,1.0
asmaul,0.9306770122492373,0.02465807326295433,0.04466491448780835,1.0
asosiasi,0.1871877523860656,0.6241690140582491,0.18864323355568527,0.9999999999999999
asosiatif,0.7932816513777636,0.07347670922403073,0.13324163939820574,1.0
aspal,0.07911422898048899,0.0440956812710155,0.8767900897484955,1.0
aspek,0.4145924352890349,0.4530101638457244,0.13239740086524077,1.0
aspekaspek,0.12359323456103985,0.7523373991823952,0.1240693662565651,1.0000000000000002
aspirasi,0.1871877543136777,0.6241690101815548,0.18864323550476747,1.0
asrama,0.016460694137012646,0.966996073181452,0.016543232681535375,1.0
asset,0.016054409307787544,0.008843671806359815,0.9751019188858527,1.0
assimilasi,0.20596072402917173,0.6071120318295223,0.18692724414130601,1.0
associ,0.03072433858571285,0.938863635454244,0.030412025960043127,1.0
assosi,0.12313842729429356,0.7527656807206519,0.12409589198505457,1.0
asumsi,0.12313181916923514,0.7526593201255846,0.12420886070518039,1.0
asupan,0.13168404575384451,0.0745522032441927,0.7937637510019627,1.0
asuransi,0.1871877522482971,0.6241690143339506,0.18864323341775244,1.0
asynchron,0.09359416733599545,0.8136069740356371,0.0927988586283675,1.0
at,0.19553413105872725,0.6165855548842379,0.1878803140570348,0.9999999999999999
atari,0.8748896794853852,0.04423439128644148,0.08087592922817326,0.9999999999999999
atb,0.07910595729908051,0.04396253465544976,0.8769315080454697,1.0
atibut,0.08480774623240753,0.07209566514187501,0.8430965886257175,1.0
atla,0.18718775210569422,0.6241690146143082,0.18864323327999763,1.0
atlet,0.03409771769909573,0.3756186303521163,0.590283651948788,1.0
atletik,0.0731081486065235,0.8532152492829047,0.07367660211057173,0.9999999999999999
atlit,0.09174603350821492,0.815794560325766,0.09245940616601908,1.0
atm,0.18716609229542613,0.6239545253413623,0.18887938236321145,0.9999999999999999
atribut,0.06424816228639615,0.22491456844176033,0.7108372692718435,1.0
atributatribut,0.12313842654159375,0.75276568223778,0.12409589122062638,1.0000000000000002
atributkriteria,0.18718775218620878,0.6241690144584388,0.18864323335535255,1.0
atributnya,0.7911819013943968,0.07538452502352852,0.1334335735820747,1.0
attent,0.19950360203731599,0.6120021225014699,0.18849427546121414,1.0
attract,0.18718775320643735,0.6241690124032572,0.18864323439030556,1.0
attribut,0.019044855205878973,0.8456055682631027,0.13534957653101828,1.0
atupun,0.8745722748979866,0.045156209946559056,0.08027151515545435,1.0
aturan,0.6794190088552893,0.2156482284670965,0.10493276267761435,1.0000000000000002
audio,0.33475045347457205,0.01162719262247839,0.6536223539029496,1.0
audit,0.03294646052912488,0.9337307105951288,0.03332282887574647,1.0000000000000002
auditor,0.1871130375692055,0.6234291660008336,0.18945779642996094,1.0
augment,0.16935752545945407,0.0018574571882765242,0.8287850173522695,1.0
augmentasi,0.1315374881006696,0.07310095950855947,0.7953615523907709,1.0
autentifikasi,0.8748933394205174,0.04423439272191757,0.08087226785756503,1.0
autentik,0.03921915491516305,0.1307742366930174,0.8300066083918196,1.0
authent,0.18718775271044769,0.6241690134054336,0.18864323388411872,1.0
author,0.13153748858316694,0.07310095966329877,0.7953615517535344,1.0
auti,0.035009617641121246,0.016945623254548053,0.9480447591043308,1.0000000000000002
autocorrel,0.7873262315357508,0.07347332813560487,0.1392004403286444,1.0
autocorrelogram,0.07910595731290877,0.04396253466003309,0.8769315080270582,1.0
autoencod,0.044015967371268644,0.02446153942497686,0.9315224932037545,1.0
autokorelasi,0.0566277776086944,0.03293053577142182,0.9104416866198838,1.0
automasi,0.13153748803452253,0.0731009594869929,0.7953615524784845,1.0
automat,0.7932447483614765,0.07351023937558086,0.13324501226294272,1.0
automata,0.9109792276794558,0.03164186174759845,0.05737891057294567,0.9999999999999999
automati,0.7932816518027831,0.07347670912146174,0.13324163907575504,0.9999999999999999
avail,0.030016206701944877,0.18349382129540492,0.78648997200265,0.9999999999999998
aval,0.07310784828499052,0.853206697728821,0.07368545398618857,1.0
avalanch,0.040330693577924445,0.9188633971554004,0.04080590926667516,1.0
averag,0.03570475656976157,0.4512651439495195,0.513030099480719,1.0
averhoa,0.19381156702134827,0.6181506651530293,0.1880377678256225,1.0
avr,0.13153748821270816,0.07310095954441172,0.7953615522428801,1.0
awalan,0.7945716637433128,0.14306472093715106,0.062363615319536075,0.9999999999999999
awam,0.716318360228562,0.2173370056799351,0.06634463409150274,0.9999999999999998
axiata,0.07309527780617475,0.8528485935678353,0.07405612862598995,1.0
ayam,0.13488519277442892,0.10625101366913997,0.7588637935564312,1.0
ayan,0.2344933581467717,0.5791070210548369,0.18639962079839145,1.0
ayat,0.9535187829646488,0.03129200244950561,0.015189214585845563,0.9999999999999999
az,0.13153748887681702,0.07310095975758069,0.7953615513656023,1.0
aâ,0.05656060451617501,0.031433126153704714,0.9120062693301203,1.0
ba,0.1871877534265124,0.6241690119571996,0.18864323461628793,1.0
bab,0.9631422400419296,0.013116880243102601,0.023740879714967737,1.0
babat,0.18718864160622647,0.6241681970549219,0.1886431613388515,0.9999999999999999
babnya,0.7932816513763569,0.07347670922476283,0.13324163939888028,1.0
babnyajika,0.13841492993685797,0.07371383268072661,0.7878712373824155,1.0
baca,0.12016839955355801,0.2163352338948248,0.6634963665516171,1.0
bacaan,0.5801457672699699,0.3224114670051843,0.09744276572484584,1.0
backend,0.18718775271044769,0.6241690134054336,0.18864323388411872,1.0
background,0.007003373641809404,0.0038821539423476124,0.989114472415843,1.0
backgroundcitra,0.13153748866981835,0.07310095969053902,0.7953615516396426,1.0
backpack,0.1318461575066897,0.07310113490636569,0.7950527075869446,1.0
backpropag,0.20625351893043842,0.7852106173771697,0.00853586369239193,1.0
badan,0.22071839982052133,0.14250015037224006,0.6367814498072386,1.0
badg,0.7930432681850825,0.07369330257506095,0.1332634292398566,1.0
badminton,0.05198642812042907,0.8956229225094016,0.05239064937016949,1.0000000000000002
badmintoon,0.18718775423748987,0.6241690103322156,0.18864323543029443,1.0
bagu,0.3743741962394625,0.6130821650432577,0.01254363871727982,1.0000000000000002
bahagia,0.7656083675297186,0.07346099703362778,0.16093063543665356,0.9999999999999999
bahan,0.25276346869740474,0.7209739766643477,0.026262554638247677,1.0000000000000002
bahanbahan,0.07611631731507217,0.4645331160214159,0.45935056666351193,1.0
bahari,0.12313842638381028,0.7527656825560775,0.12409589106011233,1.0000000000000002
bahasa,0.843366776461428,0.10926891088707216,0.04736431265149997,1.0
bahasan,0.24177819180873525,0.574568551101621,0.1836532570896438,1.0
bahaya,0.7602254730041718,0.020627135519669024,0.21914739147615928,1.0
bahu,0.1871877519694895,0.6241690149016583,0.18864323312885228,1.0000000000000002
baikâ,0.6820195843576018,0.2741138629684249,0.043866552673973346,1.0
baju,0.04401746121343441,0.02450408946467123,0.9314784493218943,0.9999999999999999
bakar,0.08922988679639753,0.7597040562637031,0.15106605693989947,1.0
bakat,0.04575508257335509,0.9084254736648891,0.04581944376175582,1.0
bakteri,0.9109792276839808,0.03164186174672189,0.05737891056929734,1.0
bakti,0.9303597334093128,0.024964618240105554,0.044675648350581625,0.9999999999999999
baku,0.23532391525963461,0.7495903548953332,0.015085729845032205,1.0
balai,0.06344971222543894,0.5577896655306849,0.37876062224387613,1.0
balanc,0.3632161658540146,0.01001273032479298,0.6267711038211924,1.0
balap,0.78978488530933,0.07665384109333476,0.13356127359733527,1.0
bali,0.036025772761251386,0.020021049466875464,0.9439531777718732,1.0
balita,0.9853758237730447,0.0052237170500580065,0.009400459176897342,1.0
balok,0.19268314610034012,0.6186794128231478,0.1886374410765121,1.0
band,0.10616688231102601,0.4795699013740782,0.4142632163148959,1.0
bandingkan,0.05427070058646495,0.6235250244414567,0.32220427497207826,1.0
bandwidth,0.12428634432604978,0.7516847119143958,0.12402894375955444,1.0
bangakalan,0.7896093841430478,0.07681330057297912,0.13357731528397296,0.9999999999999999
bangkalan,0.03875528584298344,0.7035435368751571,0.2577011772818596,1.0000000000000002
bangkalanmasihmenggunakansistem,0.18718775373756327,0.6241690113412798,0.18864323492115703,1.0
bangkitkan,0.7932816518486656,0.07347670911073093,0.13324163904060346,1.0
bangku,0.7908523675747366,0.07568393717090363,0.13346369525435978,1.0
bangsa,0.7652929005304231,0.17225466862551891,0.06245243084405805,1.0
bangun,0.49940670302306295,0.2210063083113559,0.2795869886655811,1.0
bangunan,0.12445025560216118,0.441070117159489,0.4344796272383497,1.0
bangunannya,0.8732306090099472,0.04641962723581788,0.08034976375423498,1.0
bangunlah,0.1986244125270711,0.6137777488266218,0.18759783864630708,1.0
banjir,0.7329250126352732,0.02528968947593644,0.24178529788879036,1.0
bank,0.8549984451596689,0.12737844481746438,0.017623110022866696,1.0
banpt,0.1871877530839893,0.6241690126524368,0.18864323426357396,1.0
bantu,0.22742360524932678,0.2734546432020305,0.49912175154864263,1.0
bantuan,0.13161841779966582,0.7364863379422918,0.13189524425804247,1.0000000000000002
banyaknya,0.3143853917322495,0.6271610028912354,0.05845360537651504,1.0
barang,0.08817222508532294,0.8600751472604135,0.05175262765426375,1.0000000000000002
barangjasa,0.8492925025822261,0.04428470409306846,0.10642279332470544,1.0
barangnya,0.18718775227203885,0.6241690142900606,0.1886432334379006,1.0
barat,0.0922568626720568,0.8153056057623428,0.09243753156560033,0.9999999999999999
barcod,0.1880079035730549,0.6234238297495409,0.1885682666774042,1.0
bari,0.030535521265263817,0.01694503367208403,0.9525194450626521,0.9999999999999999
barisan,0.13184188892928544,0.07611521108379475,0.7920428999869199,1.0
barito,0.07924201961688702,0.046152746412569896,0.874605233970543,1.0
barulah,0.793281651649378,0.07347670915793106,0.133241639192691,1.0
barunawati,0.07309442105676574,0.8528241830623964,0.07408139588083797,1.0000000000000002
barupenerapan,0.1332037681361257,0.08960096256044148,0.7771952693034327,0.9999999999999999
base,0.380079746749456,0.08878075113901687,0.531139502111527,0.9999999999999999
baselin,0.131537488350208,0.07310095958833109,0.795361552061461,1.0
basi,0.3626713171562972,0.1481321420471044,0.4891965407965984,1.0
basic,0.12313842657637429,0.7527656821695193,0.1240958912541064,1.0
basisdata,0.44689071411719816,0.46587196502070577,0.0872373208620961,1.0
basiss,0.19400716605908724,0.6179729447766443,0.18801988916426832,1.0
basket,0.030566144253175113,0.9390196629169953,0.03041419282982962,1.0000000000000002
bata,0.3851406450416807,0.25144739763107676,0.36341195732724246,1.0
batak,0.1874817705833058,0.612111589568379,0.2004066398483151,0.9999999999999999
batang,0.47635451154391717,0.04477882674918176,0.478866661706901,1.0
batasan,0.4367397393143852,0.015001826368796194,0.5482584343168184,0.9999999999999998
batasanbatasan,0.13210796707467057,0.07874999243001876,0.7891420404953108,1.0
batik,0.2894531265021532,0.05560680318891773,0.6549400703089291,1.0
battl,0.030490795256482964,0.016945027774183608,0.9525641769693335,1.0
batu,0.13153748837082013,0.07310095959478778,0.7953615520343921,1.0
batuan,0.13490492175065794,0.10644637677512356,0.7586487014742185,1.0
batuporon,0.1328702993658248,0.08629882481845796,0.7808308758157172,1.0
bawa,0.561844789126805,0.0315565679358286,0.4065986429373664,1.0
bawaan,0.1315374881722988,0.0731009595312241,0.7953615522964771,1.0
bawahan,0.7902025703735447,0.07627433720439519,0.13352309242206015,1.0
bay,0.545823740558219,0.3165558889194426,0.13762037052233836,0.9999999999999999
bayangan,0.8634599563840568,0.007158562650292492,0.1293814809656506,0.9999999999999999
bayer,0.7920200881626127,0.07347599316423434,0.13450391867315298,1.0
bayesian,0.6918455902434469,0.26439892315720354,0.0437554865993495,1.0
bayespada,0.18718775196930834,0.6241690149030839,0.18864323312760783,1.0
bayess,0.1871877526515434,0.6241690135270783,0.18864323382137832,1.0
bayessistem,0.18718775481132033,0.6241690091917583,0.1886432359969213,1.0
bayi,0.08102782693212432,0.8455634941900606,0.07340867887781502,0.9999999999999999
bazna,0.07919884013471874,0.04545767799048082,0.8753434818748005,1.0
bbm,0.009756898933036549,0.4728778033551855,0.517365297711778,1.0
bc,0.07913851761236071,0.044486658455779676,0.8763748239318596,1.0
beasiswa,0.003680818976364461,0.9926037738031972,0.003715407220438235,0.9999999999999999
beasiswanya,0.1851199973156171,0.603693377823996,0.21118662486038686,1.0
beasiwa,0.1871877518370314,0.6241690151635872,0.18864323299938124,0.9999999999999999
